entry1,0,2,10,3,10
entry2,3,3,3,16,0
entry3,2,3,5,5,10
entry4,2,5,10,5,3
entry5,0,0,15,10,0
entry6,3,4,6,8,4
entry7,3,4,2,9,7
entry8,5,5,5,5,5
entry9,1,2,4,8,10
entry10,5,5,5,5,5
entry11,0,0,1,9,15
entry12,0,0,0,15,10
entry13,1,1,10,11,2
entry14,2,2,6,9,6
entry15,0,0,12,0,13
entry16,2,2,5,8,8
entry17,1,1,7,15,1
entry18,2,4,4,8,7
entry19,2,0,10,13,0
entry20,0,1,0,11,13
entry21,0,7,9,9,0
entry22,3,1,9,11,1
entry23,0,0,0,12,13
entry24,3,3,4,10,5
entry25,3,6,5,3,8
entry26,2,0,8,15,0
entry27,25,0,0,0,0
entry28,2,3,4,5,11
entry29,4,0,9,12,0
entry30,7,6,5,4,3
entry31,5,10,10,0,0
entry32,0,0,9,0,16
entry33,1,3,5,7,9
entry34,3,4,8,0,10
entry35,1,1,1,9,13
entry36,0,0,0,0,25
entry37,3,5,0,6,11
entry38,0,0,3,5,17
entry39,0,0,6,9,10